settings {
The Beginning
370,270
TITAN
GOLD
1
TestBackground-Blurred1,300,1.15
}

breakable tiles {
tree_1,630,0,false
tree_2,710,330,false
tree_1,60,250,true
dark_tree_1,1168,1960,false
dark_tree_2,1275,2000,false
dark_tree_1,800,2220,true
dark_tree_1,295,2710,false
dark_tree_2,210,2760,true
empty_square_1,1505,3223,false
empty_square_1,1036,3153,false
empty_square_1,674,3034,false
empty_square_1,817,3230,false
empty_square_1,882,3287,false
empty_square_1,880,3352,false
empty_square_1,1220,3114,false
empty_square_1,1220,3185,false
empty_square_1,1286,3250,false
empty_square_1,1286,3337,false
empty_square_1,1220,3080,false
}

event locations {
new_level, 576, 3423, 150, Underground-1, -1, -1
}

creatures {
CROW,400,1400
BALL,930,1350
CROW,750,1600
CROW,800,1350
CROW,1600,2000
CROW,1000,2000
CROW,730,2000
CROW,1600,2500
}

level bounds {
106,162
1038,161
1037,744
928,743
928,1181
1074,1182
1074,1591
1057,1604
1051,1613
1037,1620
1028,1624
1026,1638
1014,1687
1011,1716
1017,1730
1025,1754
1040,1756
1046,1765
1057,1774
1069,1808
1123,1832
1099,1906
1210,1905
1168,1810
1199,1826
1201,1799
1264,1786
1238,1867
1343,1867
1338,1848
1308,1795
1364,1812
1392,1839
1421,1846
1421,1857
1402,1858
1388,1930
1439,1928
1431,1887
1454,1884
1456,1847
1464,1846
1498,1846
1499,1857
1513,1856
1514,1872
1526,1873
1527,1879
1542,1878
1515,1954
1624,1955
1586,1884
1581,1885
1580,1861
1592,1862
1613,1875
1613,1846
1645,1841
1648,1848
1663,1847
1635,1924
1743,1924
1723,1883
1714,1880
1699,1830
1711,1830
1711,1830
1725,1843
1734,1845
1733,1812
1805,1849
1805,1856
1784,1858
1773,1931
1801,1926
1809,1965
1815,1983
1814,2018
1822,2033
1820,2048
1806,2048
1809,2069
1802,2071
1802,2085
1797,2089
1798,2122
1789,2120
1791,2151
1798,2148
1797,2166
1803,2166
1803,2175
1808,2175
1808,2183
1816,2182
1813,2219
1808,2226
1808,2245
1803,2247
1803,2288
1808,2287
1808,2302
1816,2303
1815,2343
1820,2339
1820,2356
1827,2355
1823,2379
1815,2387
1817,2397
1813,2409
1812,2449
1818,2446
1817,2466
1824,2460
1826,2473
1836,2485
1850,2491
1855,2489
1857,2497
1876,2495
1898,2505
1904,2511
1912,2526
1920,2527
1920,2536
1927,2539
1934,2550
1917,2622
1970,2620
1963,2589
1959,2588
1959,2581
1979,2575
1983,2562
2007,2586
2029,2597
2045,2602
2048,2612
2025,2613
2013,2683
2061,2682
2059,2642
2076,2638
2081,2602
2094,2600
2092,2593
2102,2592
2105,2588
2114,2587
2125,2562
2124,2643
2202,2641
2204,2635
2287,2633
2289,2640
2361,2640
2361,2629
2384,2629
2384,2638
2415,2639
2417,2634
2423,2632
2425,2621
2509,2623
2510,2638
2600,2639
2600,2633
2631,2633
2656,2633
2656,2657
2647,2656
2647,2669
2577,2669
2576,2657
2559,2657
2559,2678
2501,2677
2500,2656
2436,2656
2435,2689
2317,2687
2317,2656
2277,2656
2277,2673
2241,2673
2241,2688
2183,2686
2183,2669
2155,2669
2155,2657
2109,2657
2109,2650
2100,2650
2100,2697
2013,2697
2013,3420
837,3419
837,3540
330,3539
329,2987
836,2989
836,3114
1643,3114
1643,2691
798,2691
798,2513
463,2513
463,2055
380,2055
380,1518
307,1517
306,879
229,878
228,743
106,743
}
